 6  2  16  14 | 11  9  4  13 | 15  1  12  5 | 8  7  10  3 
 7  13  9  1 | 15  2  3  5 | 11  14  8  10 | 16  12  4  6 
 5  8  3  11 | 1  10  12  7 | 2  6  4  16 | 13  9  15  14 
 15  10  12  4 | 14  6  16  8 | 13  9  3  7 | 2  11  1  5 
------------+------------+------------+------------
 1  5  10  2 | 3  4  9  11 | 12  16  6  14 | 15  13  7  8 
 14  16  8  13 | 5  15  7  12 | 4  3  1  2 | 9  10  6  11 
 9  12  4  7 | 10  16  6  1 | 8  13  15  11 | 3  5  14  2 
 3  6  11  15 | 2  13  8  14 | 7  5  10  9 | 4  16  12  1 
------------+------------+------------+------------
 13  4  14  3 | 8  7  11  10 | 5  12  2  6 | 1  15  16  9 
 8  11  7  6 | 4  1  2  16 | 9  10  14  15 | 12  3  5  13 
 12  9  1  10 | 13  5  15  6 | 3  4  16  8 | 14  2  11  7 
 16  15  2  5 | 9  12  14  3 | 1  11  7  13 | 10  6  8  4 
------------+------------+------------+------------
 2  3  5  8 | 12  14  10  15 | 6  7  9  4 | 11  1  13  16 
 10  7  13  12 | 16  3  5  9 | 14  8  11  1 | 6  4  2  15 
 11  1  15  9 | 6  8  13  4 | 16  2  5  12 | 7  14  3  10 
 4  14  6  16 | 7  11  1  2 | 10  15  13  3 | 5  8  9  12 
