 23  10  21  9  7 | 4  22  1  12  8 | 2  14  18  3  13 | 20  19  24  5  6 | 25  11  16  15  17 
 2  14  18  3  13 | 25  11  16  15  17 | 24  19  20  5  6 | 1  22  4  12  8 | 10  21  9  7  23 
 24  19  20  5  6 | 10  21  9  7  23 | 4  22  1  12  8 | 16  11  25  15  17 | 14  18  3  13  2 
 4  22  1  12  8 | 14  18  3  13  2 | 25  11  16  15  17 | 9  21  10  7  23 | 19  20  5  6  24 
 25  11  16  15  17 | 19  20  5  6  24 | 10  21  9  7  23 | 3  18  14  13  2 | 22  1  12  8  4 
---------------+---------------+---------------+---------------+---------------
 7  23  10  21  9 | 8  4  22  1  12 | 13  2  14  18  3 | 19  24  6  20  5 | 17  25  11  16  15 
 13  2  14  18  3 | 17  25  11  16  15 | 6  24  19  20  5 | 22  4  8  1  12 | 23  10  21  9  7 
 6  24  19  20  5 | 23  10  21  9  7 | 8  4  22  1  12 | 11  25  17  16  15 | 2  14  18  3  13 
 8  4  22  1  12 | 2  14  18  3  13 | 17  25  11  16  15 | 21  10  23  9  7 | 24  19  20  5  6 
 17  25  11  16  15 | 24  19  20  5  6 | 23  10  21  9  7 | 18  14  2  3  13 | 4  22  1  12  8 
---------------+---------------+---------------+---------------+---------------
 9  7  23  10  21 | 12  8  4  22  1 | 3  13  2  14  18 | 24  6  5  19  20 | 15  17  25  11  16 
 3  13  2  14  18 | 15  17  25  11  16 | 5  6  24  19  20 | 4  8  12  22  1 | 7  23  10  21  9 
 5  6  24  19  20 | 7  23  10  21  9 | 12  8  4  22  1 | 25  17  15  11  16 | 13  2  14  18  3 
 12  8  4  22  1 | 13  2  14  18  3 | 15  17  25  11  16 | 10  23  7  21  9 | 6  24  19  20  5 
 15  17  25  11  16 | 6  24  19  20  5 | 7  23  10  21  9 | 14  2  13  18  3 | 8  4  22  1  12 
---------------+---------------+---------------+---------------+---------------
 10  21  9  7  23 | 22  1  12  8  4 | 14  18  3  13  2 | 5  20  19  6  24 | 11  16  15  17  25 
 14  18  3  13  2 | 11  16  15  17  25 | 19  20  5  6  24 | 12  1  22  8  4 | 21  9  7  23  10 
 19  20  5  6  24 | 21  9  7  23  10 | 22  1  12  8  4 | 15  16  11  17  25 | 18  3  13  2  14 
 22  1  12  8  4 | 18  3  13  2  14 | 11  16  15  17  25 | 7  9  21  23  10 | 20  5  6  24  19 
 11  16  15  17  25 | 20  5  6  24  19 | 21  9  7  23  10 | 13  3  18  2  14 | 1  12  8  4  22 
---------------+---------------+---------------+---------------+---------------
 21  9  7  23  10 | 1  12  8  4  22 | 18  3  13  2  14 | 6  5  20  24  19 | 16  15  17  25  11 
 18  3  13  2  14 | 16  15  17  25  11 | 20  5  6  24  19 | 8  12  1  4  22 | 9  7  23  10  21 
 20  5  6  24  19 | 9  7  23  10  21 | 1  12  8  4  22 | 17  15  16  25  11 | 3  13  2  14  18 
 1  12  8  4  22 | 3  13  2  14  18 | 16  15  17  25  11 | 23  7  9  10  21 | 5  6  24  19  20 
 16  15  17  25  11 | 5  6  24  19  20 | 9  7  23  10  21 | 2  13  3  14  18 | 12  8  4  22  1 
